ts_code,trade_date,open,high,low,close,pre_close,pct_change,vol,turnover_rate,float_mv,total_mv
700327.TI,20240910,1250.3067,1250.3067,1232.1559,1232.1559,1251.6923,-1.5608,9331148.77,,0.0,0.0
700327.TI,20240911,1224.0976,1224.0976,1221.0628,1221.0628,1232.1559,-0.9003,6106726.6,,0.0,0.0
700327.TI,20240912,1220.6635,1220.6635,1212.5068,1212.5068,1221.0628,-0.7007,5635901.87,,0.0,0.0
700327.TI,20240913,1212.2061,1212.2061,1206.8165,1206.8165,1212.5068,-0.4693,6567306.08,,0.0,0.0
700327.TI,20240918,1202.7387,1202.7387,1196.0927,1196.0927,1206.8165,-0.8886,6383364.05,1.788314,305287450594.5,334360888382.26
700327.TI,20240919,1201.6007,1228.8812,1201.6007,1228.8812,1196.0927,2.7413,9564641.67,2.679556,313284624289.67,343212456358.85
700327.TI,20240920,1225.3936,1225.3936,1223.3058,1223.3058,1228.8812,-0.4537,10924215.0,3.060443,311605739404.49,341446322914.21
700327.TI,20240923,1222.003,1226.1206,1222.003,1226.1206,1223.3058,0.2301,12369027.8,3.465211,311976877763.46,341913356880.24
700327.TI,20240924,1235.0627,1280.6621,1235.0627,1280.6621,1226.1206,4.4483,15730341.04,4.40689,325973534469.8,357229581545.54
700327.TI,20240925,1290.0212,1299.7837,1290.0212,1299.7837,1280.6621,1.4931,18812450.14,5.27035,331212596521.95,362966340899.25
700327.TI,20240926,1304.4889,1391.048,1304.4889,1391.048,1299.7837,7.0215,21116383.11,5.915802,355254136500.72,389374681135.97
700327.TI,20240927,1431.419,1481.5412,1431.419,1481.5412,1391.048,6.5054,21955942.18,6.151006,378968158224.21,415279073941.6
700327.TI,20240930,1571.9819,1638.3164,1571.9819,1638.3164,1481.5412,10.5819,27561588.95,7.721441,418451419457.25,458770303657.21
700327.TI,20241008,1807.235,1807.235,1717.0735,1717.0735,1638.3164,4.8072,37883800.81,10.613014,438217183157.88,480664115190.14
700327.TI,20241009,1644.431,1644.431,1552.7994,1552.7994,1717.0735,-9.5671,27386697.15,7.672288,395764674473.63,434080030328.4
700327.TI,20241010,1536.4096,1538.0012,1536.4096,1538.0012,1552.7994,-0.953,21095008.61,5.909693,392241575924.04,430158680586.95
700327.TI,20241011,1519.3975,1519.3975,1484.5111,1484.5111,1538.0012,-3.4779,14500626.01,4.0623,379340266513.33,416124661363.23
700327.TI,20241014,1486.5211,1507.1989,1486.5211,1507.1989,1484.5111,1.5283,15703920.66,4.399398,383869071563.93,421300459984.26
700327.TI,20241015,1496.6515,1496.6515,1473.6939,1473.6939,1507.1989,-2.223,14904195.93,4.175358,374778167866.57,411467518102.71
700327.TI,20241016,1446.6295,1463.6993,1446.6295,1463.6993,1473.6939,-0.6782,12825611.96,3.59305,371158953461.88,407711279580.66
700327.TI,20241017,1466.9897,1466.9897,1456.6487,1456.6487,1463.6993,-0.4817,15889575.74,4.451409,368574997912.48,404940553485.18
700327.TI,20241018,1450.018,1501.5106,1450.018,1501.5106,1456.6487,3.0798,17554622.87,4.917866,380350383685.77,417866498546.27
700327.TI,20241021,1504.3545,1548.8337,1504.3545,1548.8337,1501.5106,3.1517,20739995.32,5.810237,391526350083.96,430646460092.82
700327.TI,20241022,1544.7897,1559.1613,1544.7897,1559.1613,1548.8337,0.6668,18183356.12,5.094004,394042942204.04,433454538096.18
700327.TI,20241023,1561.2178,1561.2178,1552.75,1552.75,1559.1613,-0.4112,15802706.58,4.427018,393200439641.5,432444209193.3
700327.TI,20241024,1543.0934,1543.0934,1539.7566,1539.7566,1552.75,-0.8368,12148505.88,3.403319,389083553313.91,428077644750.05
700327.TI,20241025,1536.9773,1558.8942,1536.9773,1558.8942,1539.7566,1.2429,14896981.37,4.173286,393877719875.7,433429797035.09
700327.TI,20241028,1558.2441,1591.8196,1558.2441,1591.8196,1558.8942,2.1121,16657641.79,4.663079,402165430821.85,441800402634.83
700327.TI,20241029,1605.0715,1605.0715,1572.3055,1572.3055,1591.8196,-1.2259,20901870.11,5.851193,396545518051.09,436121284228.17
700327.TI,20241030,1555.5998,1566.716,1555.5998,1566.716,1572.3055,-0.3555,18946086.14,5.303698,395413611450.62,434665334395.46
700327.TI,20241031,1557.7873,1578.9881,1557.7873,1578.9881,1566.716,0.7833,21203534.66,5.93564,396687937071.78,436283229170.61
700327.TI,20241101,1580.5292,1580.5292,1561.0003,1561.0003,1578.9881,-1.1392,25931959.8,7.258851,393257873550.92,432157649341.8
700327.TI,20241104,1561.709,1580.3645,1561.709,1580.3645,1561.0003,1.2405,16840523.4,4.713985,399370452052.89,438397234488.97
700327.TI,20241105,1571.8258,1616.8772,1571.8258,1616.8772,1580.3645,2.3104,17083543.95,4.782011,408886509237.59,448777401938.54
700327.TI,20241106,1616.4714,1630.8406,1616.4714,1630.8406,1616.8772,0.8636,20354527.89,5.697622,412662122902.33,452828636833.84
700327.TI,20241107,1615.8858,1717.4366,1615.8858,1717.4366,1630.8406,5.3099,22427071.74,6.277766,434723896815.56,477136616270.97
700327.TI,20241108,1739.0626,1739.0626,1698.3078,1698.3078,1717.4366,-1.1138,25028513.37,7.00596,429649071359.74,471465530848.53
700327.TI,20241111,1672.9538,1695.2525,1672.9538,1695.2525,1698.3078,-0.1799,18762395.16,5.25284,427308659508.29,469331842693.75
700327.TI,20241112,1697.7932,1697.7932,1696.815,1696.815,1695.2525,0.0922,18780226.59,5.257833,427113721536.9,469181693301.18
700327.TI,20241113,1696.4264,1696.4264,1668.6597,1668.6597,1696.815,-1.6593,16447327.43,4.604699,420373539094.39,461673399578.69
700327.TI,20241114,1659.9343,1659.9343,1626.1523,1626.1523,1668.6597,-2.5474,12981096.19,3.634271,409822067304.4,449900303978.29
700327.TI,20241115,1619.4981,1619.4981,1603.087,1603.087,1626.1523,-1.4184,13456165.07,3.767274,403836298741.42,443258912243.67
700327.TI,20241118,1605.9742,1605.9742,1561.6183,1561.6183,1603.087,-2.5868,16910032.79,4.734241,395332300135.81,433590879354.64
700327.TI,20241119,1558.353,1574.0035,1558.353,1574.0035,1561.6183,0.7931,13106881.96,3.669487,398466327696.01,436954128490.48
700327.TI,20241120,1569.0816,1591.2719,1569.0816,1591.2719,1574.0035,1.0971,10716704.31,3.000317,402158388738.02,441243506769.12
700327.TI,20241121,1584.5249,1584.5249,1583.5463,1583.5463,1591.2719,-0.4855,9438599.0,2.642491,400022489261.7,439025781749.66
700327.TI,20241122,1580.8384,1580.8384,1530.195,1530.195,1583.5463,-3.3691,12222693.92,3.421944,386362446249.66,424121042331.22
700327.TI,20241125,1533.2952,1569.0711,1533.2952,1569.0711,1530.195,2.5406,15176506.99,4.248659,394985684461.46,433842215667.76
700327.TI,20241126,1559.0416,1575.7506,1559.0416,1575.7506,1569.0711,0.4257,13248675.26,3.708963,396969999482.17,435992611622.38
700327.TI,20241127,1565.9746,1593.7126,1565.9746,1593.7126,1575.7506,1.1399,12333196.7,3.452675,401454824335.76,440749176120.85
700327.TI,20241128,1590.7595,1590.7595,1587.1513,1587.1513,1593.7126,-0.4117,11849229.67,3.317188,399813575359.0,438957247141.71
700327.TI,20241129,1583.0406,1606.5876,1583.0406,1606.5876,1587.1513,1.2246,11930769.61,3.340015,405243659894.54,444714912469.21
700327.TI,20241202,1604.8268,1662.8487,1604.8268,1662.8487,1606.5876,3.5019,18365548.74,5.14143,419338557896.13,460341514049.02
700327.TI,20241203,1661.0428,1661.0428,1649.2865,1649.2865,1662.8487,-0.8156,15598643.45,4.366835,415661492893.83,456270027881.55
700327.TI,20241204,1638.6156,1638.6156,1619.3091,1619.3091,1649.2865,-1.8176,13287949.85,3.719958,408120675024.84,447876719412.01
700327.TI,20241205,1612.2376,1648.1215,1612.2376,1648.1215,1619.3091,1.7793,19058622.85,5.335456,413918431146.6,454361548273.06
700327.TI,20241206,1657.145,1681.7366,1657.145,1681.7366,1648.1215,2.0396,13385358.97,3.747227,421318882397.49,462663414720.3
700327.TI,20241209,1678.0721,1678.0721,1664.6232,1664.6232,1681.7366,-1.0176,29862765.73,8.360072,416117141188.75,457112133847.03
700327.TI,20241210,1724.1202,1724.1202,1688.1044,1688.1044,1664.6232,1.4106,29779126.08,8.336657,423249865310.35,464872376491.77
700327.TI,20241211,1674.0492,1716.7431,1674.0492,1716.7431,1688.1044,1.6965,21374772.23,5.983861,430835453304.62,473198824866.8
700327.TI,20241212,1711.9791,1767.5089,1711.9791,1767.5089,1716.7431,2.9571,26278056.74,7.356534,443382111290.78,486951944127.05
700327.TI,20241213,1751.414,1753.003,1751.414,1753.003,1767.5089,-0.8207,24856446.53,6.958555,439837341389.78,482946125285.0
700327.TI,20241216,1770.3209,1784.0925,1770.3209,1784.0925,1753.003,1.7735,27720340.2,7.76029,446312557751.45,490206733787.29
700327.TI,20241217,1773.8108,1773.8108,1708.7592,1708.7592,1784.0925,-4.2225,24486232.11,6.854904,428392762943.65,470450348178.56
700327.TI,20241218,1703.3373,1704.5471,1703.3373,1704.5471,1708.7592,-0.2465,22284690.6,6.238584,426265773700.67,468408167254.33
700327.TI,20241219,1676.2073,1682.3062,1676.2073,1682.3062,1704.5471,-1.3048,17142817.95,4.79912,421504207986.33,462945649984.62
700327.TI,20241220,1678.6388,1678.6388,1669.3558,1669.3558,1682.3062,-0.7698,14385447.36,4.027196,418415024051.07,459654414575.8
700327.TI,20241223,1663.8085,1663.8085,1603.6216,1603.6216,1669.3558,-3.9377,15402061.1,4.268658,404834136029.4,442753763666.64
700327.TI,20241224,1600.8024,1608.6762,1600.8024,1608.6762,1603.6216,0.3152,11489014.7,3.184163,406262278918.12,444259388377.95
700327.TI,20241225,1607.8011,1607.8011,1585.093,1585.093,1608.6762,-1.466,12324975.19,3.415849,401366463080.54,438830463486.77
700327.TI,20241226,1585.7397,1595.2883,1585.7397,1595.2883,1585.093,0.6432,9733593.26,2.697651,403418621270.46,441192592089.55
700327.TI,20241227,1594.915,1607.1142,1594.915,1607.1142,1595.2883,0.7413,10633387.6,2.947028,406092889464.3,444148850595.04
700327.TI,20241230,1603.7087,1603.7087,1581.2091,1581.2091,1607.1142,-1.6119,8815620.68,2.443238,399754272475.75,437248780137.69
700327.TI,20241231,1581.6787,1581.6787,1551.1408,1551.1408,1581.2091,-1.9016,9701025.21,2.688627,392851741012.02,429429648311.53
700327.TI,20250102,1553.4815,1553.4815,1539.2373,1539.2373,1551.1408,-0.7674,12282088.39,3.403965,389309685266.73,425551629319.22
700327.TI,20250103,1543.4533,1543.4533,1466.396,1466.396,1539.2373,-4.7323,12710556.62,3.522714,371688156488.36,406183025930.61
700327.TI,20250106,1455.9509,1455.9509,1439.1988,1439.1988,1466.396,-1.8547,9418759.65,2.610397,365104351049.37,398922906950.89
700327.TI,20250107,1445.0232,1461.9986,1445.0232,1461.9986,1439.1988,1.5842,8813202.82,2.442568,369884226402.47,404376142666.61
700327.TI,20250108,1459.0761,1459.0761,1456.7705,1456.7705,1461.9986,-0.3576,9687652.82,2.684919,368326876953.74,402728724085.38
700327.TI,20250109,1448.7393,1448.7393,1448.0109,1448.0109,1456.7705,-0.6013,7520075.06,2.084178,365540856833.97,399803997574.58
700327.TI,20250110,1444.8817,1444.8817,1403.7249,1403.7249,1448.0109,-3.0584,7534828.46,2.088267,354995470123.19,388193674264.56
700327.TI,20250113,1390.4751,1410.8979,1390.4751,1410.8979,1403.7249,0.511,6269008.12,1.737447,356938419250.92,390292616491.76
700327.TI,20250114,1425.4231,1462.2123,1425.4231,1462.2123,1410.8979,3.637,9804821.45,2.717393,369430944346.46,404048412670.03
700327.TI,20250115,1458.0245,1464.0825,1458.0245,1464.0825,1462.2123,0.1279,8858819.08,2.455209,369718753733.0,404383358809.16
700327.TI,20250116,1467.1205,1475.7483,1467.1205,1475.7483,1464.0825,0.7968,11180000.34,3.098521,372263473507.7,407183859294.81
700327.TI,20250117,1463.8508,1474.7168,1463.8508,1474.7168,1475.7483,-0.0699,9925325.41,2.75079,371693366048.29,406652183047.84
700327.TI,20250120,1491.1466,1492.5948,1491.1466,1492.5948,1474.7168,1.2123,12042692.99,3.337616,375901064976.8,411316995993.64
700327.TI,20250121,1493.056,1493.056,1473.2105,1473.2105,1492.5948,-1.2987,9322870.71,2.583821,371545117028.92,406564349090.76
700327.TI,20250122,1464.109,1464.109,1442.5839,1442.5839,1473.2105,-2.0789,7383046.88,2.04232,363887721365.86,397919238420.83
700327.TI,20250123,1458.4913,1458.4913,1445.8802,1445.8802,1442.5839,0.2285,9090581.06,2.514663,364737474307.51,398936840980.0
700327.TI,20250124,1440.5232,1460.78,1440.5232,1460.78,1445.8802,1.0305,8245652.82,2.280936,368776672040.83,403264335842.28
700327.TI,20250127,1465.3186,1465.3186,1446.3986,1446.3986,1460.78,-0.9845,7600995.74,1.970637,370483613325.05,403807241972.66
700327.TI,20250205,1454.9729,1454.9729,1443.8616,1443.8616,1446.3986,-0.1754,9734457.38,2.523759,368483987007.29,401872317499.68
700327.TI,20250206,1440.7486,1461.4695,1440.7486,1461.4695,1443.8616,1.2195,10614630.11,2.751953,372961308799.68,406688366446.54
700327.TI,20250207,1457.9956,1475.2161,1457.9956,1475.2161,1461.4695,0.9406,13046511.34,3.382444,376302893014.38,410320816445.82
700327.TI,20250210,1478.4926,1515.5072,1478.4926,1515.5072,1475.2161,2.7312,18423511.16,4.776487,385489416236.96,420591521985.31
700327.TI,20250211,1514.4024,1514.4024,1500.243,1500.243,1515.5072,-1.0072,15182720.46,3.936278,381237523326.76,416274037315.28
700327.TI,20250212,1497.5861,1516.5776,1497.5861,1516.5776,1500.243,1.0888,14023230.38,3.635668,385163110373.81,420630947220.88
700327.TI,20250213,1511.7185,1515.8906,1511.7185,1515.8906,1516.5776,-0.0453,12942871.18,3.355574,385448470980.02,420852167083.84
700327.TI,20250214,1512.1024,1512.1024,1510.779,1510.779,1515.8906,-0.3372,13387851.05,3.358723,388646131153.76,423959237179.89
700327.TI,20250217,1513.932,1523.8835,1513.932,1523.8835,1510.779,0.8674,18844244.08,4.727614,390967048672.03,426582417630.24
700327.TI,20250218,1517.4131,1517.4131,1470.9575,1470.9575,1523.8835,-3.4731,16298363.55,4.088908,378205420851.49,412468245093.74
700327.TI,20250219,1469.6734,1483.568,1469.6734,1483.568,1470.9575,0.8573,10658130.16,2.673895,381429898510.94,415973131799.66
700327.TI,20250220,1482.261,1489.6521,1482.261,1489.6521,1483.568,0.4101,11140395.49,2.794885,382837125387.11,417493159762.6
700327.TI,20250221,1488.0895,1496.0055,1488.0895,1496.0055,1489.6521,0.4265,12247172.78,3.072551,384479964115.46,419385939614.49
700327.TI,20250224,1492.0366,1492.3358,1492.0366,1492.3358,1496.0055,-0.2453,11804489.44,2.961492,383952977367.73,418715350920.55
700327.TI,20250225,1478.0139,1478.0139,1474.1771,1474.1771,1492.3358,-1.2168,9547559.64,2.395277,379332225374.53,413730685699.21
700327.TI,20250226,1478.1824,1492.2594,1478.1824,1492.2594,1474.1771,1.2266,10412703.84,2.612323,383832349485.78,418716149994.69
700327.TI,20250227,1494.2337,1515.7073,1494.2337,1515.7073,1492.2594,1.5713,14196050.73,3.561483,390392462210.11,425760267523.02
700327.TI,20250228,1511.5725,1511.5725,1484.364,1484.364,1515.7073,-2.0679,14738962.07,3.697688,382862425740.99,417320849693.98
700327.TI,20250303,1486.408,1486.408,1480.7318,1480.7318,1484.364,-0.2447,11645120.66,2.92151,382064110631.76,416378291028.89
700327.TI,20250304,1471.8681,1489.0728,1471.8681,1489.0728,1480.7318,0.5633,8970347.76,2.250467,384047972240.25,418546655520.23
700327.TI,20250305,1489.8144,1489.8144,1483.112,1483.112,1489.0728,-0.4003,8892529.75,2.231275,382518836291.95,416891855537.05
700327.TI,20250306,1486.6032,1510.0305,1486.6032,1510.0305,1483.112,1.815,11292588.71,2.833487,389353616622.45,424437832550.14
700327.TI,20250307,1502.6404,1504.0613,1502.6404,1504.0613,1510.0305,-0.3953,10718813.82,2.689518,387865170658.32,422757811048.25
700327.TI,20250310,1501.5224,1505.4044,1501.5224,1505.4044,1504.0613,0.0893,8574058.33,2.151365,388007840178.32,422910401813.68
700327.TI,20250311,1487.9492,1519.1518,1487.9492,1519.1518,1505.4044,0.9132,9376639.99,2.352745,391878136129.43,427025223592.69
700327.TI,20250312,1521.8756,1521.8756,1512.188,1512.188,1519.1518,-0.4584,9481389.87,2.379012,389778249585.72,424717735480.5
700327.TI,20250313,1509.9394,1509.9394,1509.085,1509.085,1512.188,-0.2052,9062507.23,2.273909,389414869065.19,424187059733.1
700327.TI,20250314,1515.8729,1555.6357,1515.8729,1555.6357,1509.085,3.0847,15461262.18,3.879445,401356999923.93,437194222359.73
700327.TI,20250317,1574.2302,1574.2302,1558.1356,1558.1356,1555.6357,0.1607,14582743.09,3.659012,401891885011.14,437810374788.87
700327.TI,20250318,1561.6881,1561.6881,1556.4824,1556.4824,1558.1356,-0.1061,12295585.72,3.085133,401367295759.79,437191616857.5
700327.TI,20250319,1552.1663,1552.1663,1546.18,1546.18,1556.4824,-0.6619,10158387.53,2.54888,399013449613.41,434589332250.69
700327.TI,20250320,1545.4193,1545.4193,1536.4855,1536.4855,1546.18,-0.627,11084465.97,2.781246,396384470453.96,431720652228.91
700327.TI,20250321,1528.5173,1528.7262,1528.5173,1528.7262,1536.4855,-0.505,11394980.05,2.859158,394204799368.76,429422633468.14
700327.TI,20250324,1533.1916,1543.6038,1533.1916,1543.6038,1528.7262,0.9732,19692131.91,4.941029,398441548408.02,433817248386.56
700327.TI,20250325,1538.0345,1551.3712,1538.0345,1551.3712,1543.6038,0.5032,16660026.72,4.180231,400622547185.9,435954733209.24
700327.TI,20250326,1538.7275,1554.9595,1538.7275,1554.9595,1551.3712,0.2313,13008557.39,3.264027,401760482543.3,437183783586.94
700327.TI,20250327,1553.9721,1553.9721,1537.0619,1537.0619,1554.9595,-1.151,12034033.94,3.017536,397831214710.52,432891882406.16
700327.TI,20250328,1526.7006,1526.7006,1510.6045,1510.6045,1537.0619,-1.7213,12085862.04,3.030532,391060265446.63,425553642321.49
700327.TI,20250331,1500.3007,1500.3007,1477.1522,1477.1522,1510.6045,-2.2145,11702381.62,2.934104,382400357679.65,416261917018.55
700327.TI,20250401,1477.0946,1493.2074,1477.0946,1493.2074,1477.1522,1.0869,11045505.7,2.769407,386554823070.41,420850617449.29
700327.TI,20250402,1488.7308,1496.3924,1488.7308,1496.3924,1493.2074,0.2133,8845439.29,2.217791,387553425151.9,421760303767.44
700327.TI,20250403,1484.8088,1517.6591,1484.8088,1517.6591,1496.3924,1.4212,12969876.78,3.251899,393280230743.56,427820288661.61
700327.TI,20250407,1455.1816,1455.1816,1389.0982,1389.0982,1517.6591,-8.471,16654439.07,4.17572,361164485865.5,392407109139.93
700327.TI,20250408,1390.397,1444.9497,1390.397,1444.9497,1389.0982,4.0207,15768348.63,3.953553,377247504834.56,409641517437.39
700327.TI,20250409,1426.4616,1527.046,1426.4616,1527.046,1444.9497,5.6816,19494762.85,4.887867,399593583486.29,433999701814.28
700327.TI,20250410,1536.6817,1577.6157,1536.6817,1577.6157,1527.046,3.3116,21139991.76,5.30037,413452356468.24,448918410385.31
700327.TI,20250411,1565.5832,1565.5832,1555.5606,1555.5606,1577.6157,-1.398,16708644.8,4.189311,406998961769.58,441976662374.74
700327.TI,20250414,1557.1208,1575.4267,1557.1208,1575.4267,1555.5606,1.2771,17928655.93,4.495109,411787115049.9,447115764534.81
700327.TI,20250415,1569.3125,1569.3125,1550.0166,1550.0166,1575.4267,-1.6129,13853236.22,3.473311,404447635649.78,439182111238.3
700327.TI,20250416,1542.4169,1573.89,1542.4169,1573.89,1550.0166,1.5402,17753585.49,4.451215,411087193951.73,446520671622.63
700327.TI,20250417,1556.6512,1581.3156,1556.6512,1581.3156,1573.89,0.4718,18544685.93,4.649561,412448405651.83,448114595050.76
700327.TI,20250418,1577.3228,1577.3228,1538.8763,1538.8763,1581.3156,-2.6838,16544363.27,4.148036,400920886222.65,435732001818.88
700327.TI,20250421,1524.3047,1541.5663,1524.3047,1541.5663,1538.8763,0.1748,14051258.91,3.522482,401563806441.53,436197612183.99
700327.TI,20250422,1537.3594,1537.3594,1532.8827,1532.8827,1541.5663,-0.5633,15988354.12,4.008089,398755187930.01,433293949155.95
700327.TI,20250423,1530.729,1530.729,1509.1031,1509.1031,1532.8827,-1.5513,12314837.22,3.087189,392297162232.2,426223186089.12
700327.TI,20250424,1505.3228,1505.3228,1501.6964,1501.6964,1509.1031,-0.4908,11552060.49,2.895995,390328249749.21,424070728882.84
700327.TI,20250425,1498.2065,1511.4905,1498.2065,1511.4905,1501.6964,0.6522,14217191.03,,390328249749.21,424070728882.84
700327.TI,20250428,1525.3599,1525.3599,1483.0306,1483.0306,1511.4905,-1.8829,14049592.96,3.505951,388706751685.94,418759059822.78
700327.TI,20250429,1473.0468,1473.0468,1471.3784,1471.3784,1483.0306,-0.7857,9406096.94,2.347208,385873592539.95,415614881044.16
700327.TI,20250430,1468.2061,1477.8995,1468.2061,1477.8995,1471.3784,0.4432,10368744.3,2.587428,387718834509.21,417652111352.45
700327.TI,20250506,1483.7845,1493.3096,1483.7845,1493.3096,1477.8995,1.0427,11171319.11,2.787703,391360350178.8,421484627623.35
700327.TI,20250507,1506.8718,1506.8718,1489.3359,1489.3359,1493.3096,-0.2661,9903035.34,2.471214,390515489546.33,420550717888.3
700327.TI,20250508,1484.7636,1492.2237,1484.7636,1492.2237,1489.3359,0.1939,9636025.47,2.404585,390749227389.97,420854625855.59
700327.TI,20250509,1489.7317,1489.7317,1478.3788,1478.3788,1492.2237,-0.9278,7935843.42,1.980319,387135304970.08,416958528173.9
700327.TI,20250512,1483.0416,1485.753,1483.0416,1485.753,1478.3788,0.4988,7446558.96,1.858207,388756712671.05,418769077461.69
700327.TI,20250513,1493.2115,1493.2115,1490.3365,1490.3365,1485.753,0.3085,8363442.83,2.087005,390058380802.81,420154114982.79
700327.TI,20250514,1488.6167,1488.6167,1488.1517,1488.1517,1490.3365,-0.1466,7277466.61,1.816012,389493971444.08,419564707858.19
700327.TI,20250515,1485.8599,1485.8599,1476.8045,1476.8045,1488.1517,-0.7625,7060149.81,1.761783,386323662065.05,416163382154.71
700327.TI,20250516,1475.9494,1484.5976,1475.9494,1484.5976,1476.8045,0.5277,6562068.01,1.637492,388751317520.57,418703264859.26
700327.TI,20250519,1482.0203,1492.6248,1482.0203,1492.6248,1484.5976,0.5407,8618444.09,2.150638,390779989441.69,420794760169.55
700327.TI,20250520,1494.6563,1507.3391,1494.6563,1507.3391,1492.6248,0.9858,9917901.98,2.474903,394218761634.23,424480688797.78
700327.TI,20250521,1501.465,1501.465,1496.2903,1496.2903,1507.3391,-0.733,7639076.44,1.906248,391374733629.01,421430029185.0
700327.TI,20250522,1493.9725,1493.9725,1470.7576,1470.7576,1496.2903,-1.7064,8141916.8,2.031726,384698137492.82,414261277604.07
700327.TI,20250523,1468.0455,1468.0455,1455.5279,1455.5279,1470.7576,-1.0355,6938892.99,1.731524,380591246373.51,409930303169.23
700327.TI,20250526,1454.7259,1464.4401,1454.7259,1464.4401,1455.5279,0.6123,5260323.82,1.312656,382918306241.7,412370122202.74
700327.TI,20250527,1463.3271,1467.514,1463.3271,1467.514,1464.4401,0.2099,6087336.84,1.519028,383564024708.66,413059501473.6
700327.TI,20250528,1466.905,1466.905,1460.4993,1460.4993,1467.514,-0.478,6089989.36,1.519689,382039325267.63,411397940745.11
700327.TI,20250529,1459.363,1472.8829,1459.363,1472.8829,1460.4993,0.8479,6365929.84,1.588547,385292724973.35,414929559763.97
700327.TI,20250530,1470.0167,1470.0167,1455.9153,1455.9153,1472.8829,-1.152,6500865.49,1.622219,380775889278.14,410059895923.7
700327.TI,20250603,1450.1178,1469.2588,1450.1178,1469.2588,1455.9153,0.9165,8300955.3,2.071411,384199559977.2,413640835331.53
700327.TI,20250604,1469.2838,1494.2406,1469.2838,1494.2406,1469.2588,1.7003,10716486.69,2.67418,391120351077.72,420965061494.52
700327.TI,20250605,1492.4535,1492.4535,1488.806,1488.806,1494.2406,-0.3637,9688593.69,2.417681,389555443820.06,419309379084.34
700327.TI,20250606,1487.0745,1487.2219,1487.0745,1487.2219,1488.806,-0.1064,9661575.95,,389555443820.06,419309379084.34
700327.TI,20250609,1489.3576,1502.8452,1489.3576,1502.8452,1487.2219,1.0505,11455929.89,2.8587,392727312447.57,422702649740.83
700327.TI,20250610,1503.3622,1503.3622,1494.8456,1494.8456,1502.8452,-0.5323,13020002.55,3.248997,390813048688.43,420607187162.18
700327.TI,20250611,1495.2806,1502.8894,1495.2806,1502.8894,1494.8456,0.5381,10586982.38,2.634761,393744680036.3,422968931129.75
700327.TI,20250612,1502.1049,1502.1049,1496.7516,1496.7516,1502.8894,-0.4084,10913748.31,2.716073,392080474282.37,421203831758.71
700327.TI,20250613,1493.1893,1493.1893,1465.9978,1465.9978,1496.7516,-2.0547,13559670.2,3.374556,384055068601.01,412627766813.21
700327.TI,20250616,1460.339,1467.9886,1460.339,1467.9886,1465.9978,0.1358,8554856.65,2.129022,384495880275.34,413169689122.02
700327.TI,20250617,1469.4111,1469.4111,1466.7364,1466.7364,1467.9886,-0.0853,7769228.27,1.933505,384204649745.79,412898237668.44
700327.TI,20250618,1463.7267,1463.7267,1460.2344,1460.2344,1466.7364,-0.4433,6931548.12,1.725034,382630514671.66,411163054903.02
700327.TI,20250619,1456.6159,1456.6159,1449.0256,1449.0256,1460.2344,-0.7676,7984882.81,1.987175,380370892312.63,408614602704.31
700327.TI,20250620,1439.633,1439.633,1433.0762,1433.0762,1449.0256,-1.1007,6645463.76,1.653837,376319027062.92,404263664716.82
700327.TI,20250623,1424.5322,1436.9684,1424.5322,1436.9684,1433.0762,0.2716,5723023.28,1.424272,376911588887.74,404889060737.18
700327.TI,20250624,1440.4574,1460.9155,1440.4574,1460.9155,1436.9684,1.6665,7956713.8,1.980164,382913711671.34,411426219560.32
700327.TI,20250625,1466.4655,1475.3274,1466.4655,1475.3274,1460.9155,0.9865,7851380.4,1.95395,386536204205.57,415294353292.29
700327.TI,20250626,1471.3101,1486.236,1471.3101,1486.236,1475.3274,0.7394,12488535.78,3.107986,389622319912.82,418590133163.78
700327.TI,20250627,1481.3656,1481.3656,1478.2074,1478.2074,1486.236,-0.5402,9308411.06,2.316557,387253397352.92,416015124610.65
700327.TI,20250630,1477.5245,1484.9081,1477.5245,1484.9081,1478.2074,0.4533,8448285.4,2.1025,388934274865.78,417875497781.28
700327.TI,20250701,1486.3396,1486.3396,1484.5502,1484.5502,1484.9081,-0.0241,9075140.34,2.258474,388677064930.24,417581871065.76
700327.TI,20250702,1483.128,1483.128,1481.1521,1481.1521,1484.5502,-0.2289,9320206.72,2.319462,388306026924.69,417083373570.27
700327.TI,20250703,1477.8077,1480.7581,1477.8077,1480.7581,1481.1521,-0.0266,7765164.67,1.932469,387893153295.97,416652168692.91
700327.TI,20250704,1479.4802,1479.4802,1477.0784,1477.0784,1480.7581,-0.2485,7518110.48,1.870986,387085789502.39,415735422389.72
700327.TI,20250707,1474.6988,1481.0384,1474.6988,1481.0384,1477.0784,0.2681,6898399.49,1.716762,388043368531.0,416759185785.28
700327.TI,20250708,1480.5437,1492.4172,1480.5437,1492.4172,1481.0384,0.7683,8331732.79,2.073467,390711294449.17,419765978825.99
700327.TI,20250709,1494.3797,1494.3797,1493.3619,1493.3619,1492.4172,0.0633,9220261.64,2.29459,390884462504.81,419921355794.89
700327.TI,20250710,1492.9632,1504.486,1492.9632,1504.486,1493.3619,0.7449,11058461.12,2.752051,393890796776.52,423115343692.22
700327.TI,20250711,1505.4203,1508.4368,1505.4203,1508.4368,1504.486,0.2626,9681579.1,2.409395,394939020353.14,424246390994.02
700327.TI,20250714,1507.9435,1507.9435,1498.3393,1498.3393,1508.4368,-0.6694,9312644.34,2.31758,392414342586.28,421432480135.06
700327.TI,20250715,1498.8877,1498.8877,1480.7608,1480.7608,1498.3393,-1.1732,9598016.42,2.388599,387766021717.85,416521351076.61
700327.TI,20250716,1479.2489,1487.4701,1479.2489,1487.4701,1480.7608,0.4531,7383654.3,1.837524,389513920774.08,418372626929.19
700327.TI,20250717,1487.8717,1494.372,1487.8717,1494.372,1487.4701,0.464,7160101.66,1.78189,391264303232.18,420294260679.92
700327.TI,20250718,1496.1428,1511.0552,1496.1428,1511.0552,1494.372,1.1164,10915201.15,2.716399,395655023650.22,425009739956.85
700327.TI,20250721,1508.2869,1521.409,1508.2869,1521.409,1511.0552,0.6852,11258319.34,2.801788,398945448171.31,428433032629.82
700327.TI,20250722,1532.4833,1538.4457,1532.4833,1538.4457,1521.409,1.1198,12543169.51,3.121541,403508834375.33,433418060895.61
700327.TI,20250723,1542.221,1542.221,1520.2751,1520.2751,1538.4457,-1.1811,11939373.07,2.971278,398952866053.63,428417755240.91
700327.TI,20250724,1525.7983,1586.0589,1525.7983,1586.0589,1520.2751,4.3271,13622468.38,3.39014,417590722873.32,448322570181.8
700327.TI,20250725,1601.8338,1601.8338,1568.5885,1568.5885,1586.0589,-1.1015,16218355.32,4.036162,411920056787.98,442238441986.12
700327.TI,20250728,1565.6897,1565.6897,1557.6382,1557.6382,1568.5885,-0.6981,12333356.81,3.069234,408930434109.7,438844143539.9
700327.TI,20250729,1563.8625,1563.8625,1556.8267,1556.8267,1557.6382,-0.0521,14626689.06,3.639944,408582015129.37,438422973147.26
700327.TI,20250730,1555.4131,1570.8708,1555.4131,1570.8708,1556.8267,0.9021,15491156.0,3.855072,411933779692.87,441947193839.84
700327.TI,20250731,1571.8699,1571.8699,1546.106,1546.106,1570.8708,-1.5765,15471609.69,3.850208,405295940795.73,434694873835.54
700327.TI,20250801,1540.3792,1547.3908,1540.3792,1547.3908,1546.106,0.0831,12932266.95,3.218277,405057621218.07,434347035022.6
700327.TI,20250804,1542.7115,1544.1243,1542.7115,1544.1243,1547.3908,-0.2111,11098910.23,2.762034,404287381152.07,433612756675.85
700327.TI,20250805,1543.4078,1555.3068,1543.4078,1555.3068,1544.1243,0.7242,10933687.36,2.720917,407073857257.38,436576936250.15
700327.TI,20250806,1554.8387,1554.8387,1549.3966,1549.3966,1555.3068,-0.38,13472818.45,3.352796,405604534127.03,435092561935.12
700327.TI,20250807,1545.6145,1545.6145,1544.5811,1544.5811,1549.3966,-0.3108,11513391.49,2.865181,404701632425.38,434166033739.96
700327.TI,20250808,1542.4542,1551.3896,1542.4542,1551.3896,1544.5811,0.4408,11075221.48,2.756139,406796258409.52,436220682532.09
700327.TI,20250811,1551.7666,1557.772,1551.7666,1557.772,1551.3896,0.4114,10282761.69,2.55893,408598093961.64,438211211362.64
700327.TI,20250812,1554.8138,1560.0277,1554.8138,1560.0277,1557.772,0.1448,9647655.39,2.40088,409005537080.73,438676679332.03
700327.TI,20250813,1569.7794,1569.7794,1560.5503,1560.5503,1560.0277,0.0335,10780462.6,2.682787,409246490247.82,438875303939.35
700327.TI,20250814,1557.0828,1557.0828,1541.9173,1541.9173,1560.5503,-1.194,13711721.87,3.412249,404304214968.25,433575854558.86
700327.TI,20250815,1535.6725,1553.403,1535.6725,1553.403,1541.9173,0.7449,10435233.96,2.596874,407407579617.64,436928109517.4
700327.TI,20250818,1557.7385,1577.24,1557.7385,1577.24,1553.403,1.5345,16718823.36,4.160585,413138365879.71,443194931326.8
700327.TI,20250819,1582.2241,1582.2241,1582.1484,1582.1484,1577.24,0.3112,13523622.17,3.365439,414518049361.31,444578738675.13
700327.TI,20250820,1578.9066,1601.65,1578.9066,1601.65,1582.1484,1.2326,14368841.68,3.575777,419554778154.97,450003738079.72
700327.TI,20250821,1601.2368,1603.8955,1601.2368,1603.8955,1601.65,0.1402,13680180.06,3.4044,420428645193.39,450982576395.39
700327.TI,20250822,1610.5148,1623.7998,1610.5148,1623.7998,1603.8955,1.241,16393934.83,4.079735,425140018845.57,455964850302.15
700327.TI,20250825,1635.9377,1652.6336,1635.9377,1652.6336,1623.7998,1.7757,18272149.4,4.54697,432830586481.68,464146472403.11
700327.TI,20250826,1649.92,1669.8094,1649.92,1669.8094,1652.6336,1.0393,15624501.98,3.887453,437960025607.81,469396007487.47
700327.TI,20250827,1658.4597,1658.4597,1623.701,1623.701,1669.8094,-2.7613,18929572.92,4.70977,425851305064.5,456352176887.28
700327.TI,20250828,1622.5287,1632.5615,1622.5287,1632.5615,1623.701,0.5457,18540423.39,4.609771,428285392147.16,458932715795.18
700327.TI,20250829,1630.4065,1637.0249,1630.4065,1637.0249,1632.5615,0.2734,18098904.22,4.499994,429718735031.74,460574472832.25
700327.TI,20250901,1634.355,1651.8989,1634.355,1651.8989,1637.0233,0.9087,17820273.28,4.43068,433700049317.12,464726475264.91
700327.TI,20250902,1648.5125,1648.5125,1639.4931,1639.4931,1651.8989,-0.751,17978944.27,4.470131,430867549352.88,461662088181.3
700327.TI,20250903,1645.0969,1645.0969,1620.3176,1620.3176,1639.4931,-1.1696,17599559.49,4.375804,425788207807.85,456252027628.99
700327.TI,20250904,1618.2015,1642.2194,1618.2015,1642.2194,1620.3176,1.3517,20391014.49,5.069954,432282088258.71,463006267354.33
700327.TI,20250905,1647.192,1671.8401,1647.192,1671.8401,1642.2194,1.8037,19336217.09,4.807693,440365733676.82,471702052663.0
700327.TI,20250908,1664.8184,1672.7546,1664.8184,1672.7546,1671.8401,0.0547,17896198.39,4.449651,440597432142.38,472068238301.89
700327.TI,20250909,1669.2619,1669.2619,1659.7606,1659.7606,1672.7546,-0.7768,14334816.88,3.564161,437853120962.32,469096798328.47
700327.TI,20250910,1655.4768,1681.5001,1655.4768,1681.5001,1659.7606,1.3098,16163195.76,4.018763,442821964615.08,474454081558.62
700327.TI,20250911,1675.9276,1685.7223,1675.9276,1685.7223,1681.5001,0.2511,17360373.26,4.316425,443523602788.59,475281772785.37
700327.TI,20250912,1683.9236,1683.9236,1676.0715,1676.0715,1685.7223,-0.5725,17551495.64,4.363945,440505458273.56,472195275444.6
700327.TI,20250915,1671.6835,1681.7148,1671.6835,1681.7148,1676.0715,0.3367,16057215.75,3.992411,441473064825.91,473449157693.44
700327.TI,20250916,1692.2373,1714.478,1692.2373,1714.478,1681.7148,1.9482,21731418.89,5.403225,450000951356.29,482657340271.02
700327.TI,20250917,1726.7331,1726.7331,1696.488,1696.488,1714.478,-1.0493,19648714.95,4.885389,445430793284.26,477750665225.72
700327.TI,20250918,1693.6617,1710.4637,1693.6617,1710.4637,1696.488,0.8238,24267111.23,6.033691,449975921673.33,482430166712.64
700327.TI,20250919,1705.2981,1741.004,1705.2981,1741.004,1710.4637,1.7855,23872044.27,5.935463,458762117865.89,491719143492.45
700327.TI,20250922,1730.5928,1730.5928,1707.2912,1707.2912,1741.004,-1.9364,22665019.35,5.635352,449962584983.35,482496429601.07
700327.TI,20250923,1691.6439,1691.6439,1636.1911,1636.1911,1707.2912,-4.1645,22360336.95,5.559597,430758876826.59,461942918668.67
700327.TI,20250924,1624.8261,1635.8311,1624.8261,1635.8311,1636.1911,-0.022,14064353.53,3.496912,430590933652.29,461825181054.91
700327.TI,20250925,1630.7895,1636.5427,1630.7895,1636.5427,1635.8311,0.0435,14087589.18,3.503639,430151449733.46,461425915394.49
700327.TI,20250926,1628.7658,1628.7658,1619.832,1619.832,1636.5427,-1.0211,11872549.27,2.952749,425936959438.69,456952361950.65
700327.TI,20250929,1614.5756,1621.5053,1614.5756,1621.5053,1619.832,0.1033,12229062.2,3.041416,426897821961.62,458024540638.12
700327.TI,20250930,1623.9522,1623.9522,1623.6149,1623.6149,1621.5053,0.1301,10584076.9,2.632301,427557747314.74,458832845962.99
700327.TI,20251009,1612.8877,1612.8877,1582.44,1582.44,1623.6149,-2.536,13323967.84,3.313723,415844173460.73,446381713962.34
700327.TI,20251010,1579.5473,1583.793,1579.5473,1583.793,1582.44,0.0855,9721130.06,2.417683,415590412200.84,446187791530.61
700327.TI,20251013,1539.0809,1574.1334,1539.0809,1574.1334,1583.793,-0.6099,9076668.39,2.257403,412846654476.35,443202134197.66
700327.TI,20251014,1577.5729,1583.7844,1577.5729,1583.7844,1574.1334,0.6131,12757102.77,3.172741,415186937611.11,445725447467.5
700327.TI,20251015,1586.5766,1597.2862,1586.5766,1597.2862,1583.7844,0.8525,9612992.02,2.390789,419209350220.31,449883514927.0
700327.TI,20251016,1595.4477,1595.4477,1593.9782,1593.9782,1597.2862,-0.2071,8488792.14,2.111196,418781692759.47,449381631150.71
700327.TI,20251017,1591.8455,1591.8455,1573.4462,1573.4462,1593.9782,-1.2881,9135690.88,2.272082,414263072415.2,444409539062.77
700327.TI,20251020,1585.5444,1596.5271,1585.5444,1596.5271,1573.4462,1.4669,9045219.33,2.249581,420488149089.38,451014316184.22
700327.TI,20251021,1596.9294,1607.9375,1596.9294,1607.9375,1596.5271,0.7147,9323458.17,2.318657,423505343777.19,454186368260.69
700327.TI,20251022,1603.3099,1603.3099,1602.7696,1602.7696,1607.9375,-0.3214,8473411.41,2.107258,421654853707.36,452206543131.39
700327.TI,20251023,1599.8141,1613.0129,1599.8141,1613.0129,1602.7696,0.6391,8032308.2,1.99756,424616341541.27,455282978552.05
700327.TI,20251024,1610.9418,1610.9418,1604.6268,1604.6268,1613.0129,-0.5199,8152756.33,2.027514,422368671050.09,452939801711.89
700327.TI,20251027,1606.3903,1610.0119,1606.3903,1610.0119,1604.6268,0.3356,7740440.03,1.924975,422998651954.81,453658787946.77
700327.TI,20251028,1608.1201,1608.1201,1601.8057,1601.8057,1610.0119,-0.5097,8049783.61,2.001961,421219709691.9,451658100911.7
700327.TI,20251029,1599.6785,1612.9703,1599.6785,1612.9703,1601.8057,0.697,8110232.7,2.016995,424620735935.8,455316700911.11
700327.TI,20251030,1611.3799,1611.3799,1605.378,1605.378,1612.9703,-0.4707,8632227.88,2.125069,425198542624.35,454695746165.26
700327.TI,20251031,1620.4477,1644.2378,1620.4477,1644.2378,1605.378,2.4206,10058317.17,2.476142,436038106439.15,466270839940.1
700327.TI,20251103,1646.5315,1659.5917,1646.5315,1659.5917,1644.2378,0.9338,9119122.71,2.244932,440035948964.31,470590019384.44
700327.TI,20251104,1653.7217,1663.3706,1653.7217,1663.3706,1659.5917,0.2277,9788905.64,2.409818,440969671457.76,471417272158.38
700327.TI,20251105,1655.9819,1683.4408,1655.9819,1683.4408,1663.3706,1.2066,13204758.7,3.250734,446055233594.17,477140145989.53
700327.TI,20251106,1677.611,1677.611,1648.6626,1648.6626,1683.4408,-2.0659,11962554.41,2.944929,436030583043.9,466514934765.02
700327.TI,20251107,1658.3963,1675.8919,1658.3963,1675.8919,1648.6626,1.6516,10871179.19,2.676256,444138382882.03,475217353191.16
700327.TI,20251110,1678.4208,1765.2119,1678.4208,1765.2119,1675.8919,5.3297,16604996.65,4.0878,469884455245.61,503114934436.88
700327.TI,20251111,1774.7387,1794.608,1774.7387,1794.608,1765.2119,1.6653,15494064.48,3.814312,478551003395.96,512652583953.1
700327.TI,20251112,1792.2391,1792.2391,1779.8635,1779.8635,1794.608,-0.8216,16222195.58,3.993563,474125265800.21,507910020330.26
700327.TI,20251113,1772.098,1804.2156,1772.098,1804.2156,1779.8635,1.3682,15573056.5,3.833759,480571711683.25,514734646538.13
700327.TI,20251114,1797.2928,1797.2928,1786.2312,1786.2312,1804.2156,-0.9968,14997513.42,3.692072,474860172299.95,508687040651.4
700327.TI,20251117,1783.6948,1795.3285,1783.6948,1795.3285,1786.2312,0.5093,13258719.39,3.264017,477136989342.53,511079178838.8
700327.TI,20251118,1790.3124,1790.3124,1763.9982,1763.9982,1795.3285,-1.7451,13157860.83,3.239188,468287069607.43,501568104758.07
700327.TI,20251119,1759.4365,1759.4365,1739.8085,1739.8085,1763.9982,-1.3713,13923931.2,3.427778,462027380517.36,494681166611.65
700327.TI,20251120,1742.1346,1742.1346,1714.2298,1714.2298,1739.8085,-1.4702,12706464.16,3.128064,455069434791.69,487451964068.38
700327.TI,20251121,1692.1985,1692.1985,1661.1058,1661.1058,1714.2298,-3.099,12797938.89,3.150583,441168794429.44,472612020497.79
700327.TI,20251124,1667.1655,1677.3182,1667.1655,1677.3182,1661.1058,0.976,11244139.41,2.76807,445253309038.91,476908873027.42
700327.TI,20251125,1685.792,1709.4221,1685.792,1709.4221,1677.3182,1.914,12205317.28,3.004692,453064871583.17,485242277371.29
700327.TI,20251126,1704.7742,1704.7742,1702.9998,1702.9998,1709.4221,-0.3757,11994947.98,2.952903,451621384455.21,483653814947.46
700327.TI,20251127,1707.351,1707.351,1690.602,1690.602,1702.9998,-0.728,11305631.22,2.783129,447484787302.23,479250180307.23
700327.TI,20251128,1688.504,1700.6374,1688.504,1700.6374,1690.602,0.5936,10507865.89,2.586742,450059310465.37,482023938931.72
700327.TI,20251201,1707.1645,1749.1855,1707.1645,1749.1855,1700.6391,2.8546,11682568.36,2.87592,465044364630.81,497851449622.59
700327.TI,20251202,1743.1578,1743.1578,1741.5503,1741.5503,1749.1855,-0.4365,11595415.77,2.854466,463562392600.36,496285606485.54
700327.TI,20251203,1735.831,1735.831,1720.6064,1720.6064,1741.5503,-1.2026,11468198.4,2.823148,458192102546.53,490535885599.77
700327.TI,20251204,1712.6985,1712.6985,1686.3526,1686.3526,1720.6064,-1.9908,10972153.16,2.701036,449238716647.96,480896933805.92
700327.TI,20251205,1683.5431,1686.6072,1683.5431,1686.6072,1686.3526,0.0151,8263626.26,2.034273,448813295061.35,480472401087.24
700327.TI,20251208,1688.0965,1701.7445,1688.0965,1701.7445,1686.6072,0.8975,9598315.9,2.362836,452699576766.85,484648433313.43
700327.TI,20251209,1695.9858,1695.9858,1674.1371,1674.1371,1701.7445,-1.6223,9250375.45,2.277183,444643128348.2,475956448435.97
700327.TI,20251210,1672.781,1707.1662,1672.781,1707.1662,1674.1371,1.9729,13246927.02,3.261022,452942633976.62,485070825688.9
700327.TI,20251211,1702.8454,1702.8454,1664.0978,1664.0978,1707.1662,-2.5228,13522399.07,3.328835,440941853555.8,472244435050.09
700327.TI,20251212,1662.8381,1662.8381,1657.3782,1657.3782,1664.0978,-0.4038,9965538.32,2.453236,439672957994.0,470846047691.43
700327.TI,20251215,1655.9926,1661.4056,1655.9926,1661.4056,1657.3782,0.243,9023301.1,2.221283,441039911322.2,472326337242.65
700327.TI,20251216,1663.1235,1677.792,1663.1235,1677.792,1661.4056,0.9863,11585764.83,2.85209,445231867191.98,476836681871.7
700327.TI,20251217,1682.2801,1693.4827,1682.2801,1693.4827,1677.792,0.9352,14848116.67,3.655189,449438441287.0,481143189576.6
700327.TI,20251218,1679.4234,1679.4234,1671.3387,1671.3387,1693.4827,-1.3076,13485885.99,3.319847,442551296964.5,473770460883.03
700327.TI,20251219,1670.4245,1741.8191,1670.4245,1741.8191,1671.3387,4.217,18212140.3,4.483318,462314501478.08,494887783674.91
700327.TI,20251222,1746.8948,1789.1652,1746.8948,1789.1652,1741.8191,2.7182,13979748.78,3.441421,477329781224.77,510928018651.92
700327.TI,20251223,1797.984,1797.984,1750.6051,1750.6051,1789.1652,-2.1552,14630807.54,3.601694,466510186174.79,499473965804.82
700327.TI,20251224,1738.0007,1755.2477,1738.0007,1755.2477,1750.6051,0.2652,12171189.48,2.996205,466626209996.32,499743064286.2
700327.TI,20251225,1749.0447,1749.0447,1744.6425,1744.6425,1755.2477,-0.6042,12199248.02,3.003112,462550799136.46,495463454438.56
700327.TI,20251226,1741.8912,1785.6381,1741.8912,1785.6381,1744.6425,2.3498,12178123.23,2.997912,476096854206.94,509810311234.69
700327.TI,20251229,1788.9844,1788.9844,1772.3762,1772.3762,1785.6381,-0.7427,9880111.81,2.429884,472098515757.14,508122882301.13
700327.TI,20251230,1768.399,1768.399,1754.5886,1754.5886,1772.3762,-1.0036,9328103.02,2.294125,467587931831.6,503309765199.56
700327.TI,20251231,1766.5058,1795.1038,1766.5058,1795.1038,1754.5886,2.3091,12523434.98,3.079975,479372596545.66,515981775401.0
700327.TI,20260105,1782.2688,1782.2688,1764.0665,1764.0665,1795.1038,-1.729,12666693.89,3.115207,469850568100.57,505708736221.54
700327.TI,20260106,1761.4204,1774.3069,1761.4204,1774.3069,1764.0665,0.5805,10919589.77,2.68553,472487151882.11,508569710944.96
700327.TI,20260107,1774.8569,1795.8062,1774.8569,1795.8062,1774.3069,1.2117,11629685.71,2.860169,479961930806.38,516401849989.66
700327.TI,20260108,1785.1912,1797.4386,1785.1912,1797.4386,1795.8062,0.0909,12700491.09,3.123519,479817288832.37,516426605740.4
700327.TI,20260109,1801.8909,1823.6129,1801.8909,1823.6129,1797.4386,1.4562,13068530.28,3.214033,487369086103.45,524319888953.82
700327.TI,20260112,1827.313,1845.2191,1827.313,1845.2191,1823.6129,1.1848,16545936.03,4.069256,492203173712.2,529473487410.84
700327.TI,20260113,1846.6381,1846.6381,1828.5937,1828.5937,1845.2191,-0.901,17906391.86,4.403842,485810707001.79,522663274137.33
700327.TI,20260114,1824.1996,1836.4731,1824.1996,1836.4731,1828.5937,0.4309,27317716.33,6.718434,487033819296.11,524016234779.02
700327.TI,20260115,1842.0743,1842.0743,1836.4511,1836.4511,1836.4731,-0.0012,21110020.82,5.191733,487751022189.58,524923487651.34
700327.TI,20260116,1829.5662,1829.5662,1795.1824,1795.1824,1836.4511,-2.2472,17004164.85,4.181951,477138601525.46,513508594452.01
700327.TI,20260119,1794.4302,1853.2224,1794.4302,1853.2224,1795.1824,3.2331,14154979.58,3.481231,494293185131.68,531710820776.3
700327.TI,20260120,1858.1816,1868.126,1858.1816,1868.126,1853.2224,0.8042,13702792.38,3.36842,502465893959.84,549113071063.27
700327.TI,20260121,1860.7936,1860.7936,1851.9704,1851.9704,1868.126,-0.8648,9932261.35,2.441548,497877221885.11,544152969379.73
700327.TI,20260122,1862.2914,1862.2914,1848.7183,1848.7183,1851.9704,-0.1756,9378070.93,2.305317,496080158846.13,542849153494.58
700327.TI,20260123,1846.7882,1849.1417,1846.7882,1849.1417,1848.7183,0.0229,9988434.42,2.455357,495980965424.61,542626794205.9
700327.TI,20260126,1845.3399,1845.3399,1824.6387,1824.6387,1849.1417,-1.3251,11795410.91,2.899548,489941009251.96,536079594133.63
700327.TI,20260127,1823.8377,1823.8377,1800.6137,1800.6137,1824.6387,-1.3167,11048434.3,2.715926,482779925642.0,528117421407.87
700327.TI,20260128,1796.5911,1796.5911,1786.0449,1786.0449,1800.6137,-0.8091,9138434.26,2.24641,479212488966.53,524052966207.37
700327.TI,20260129,1777.6755,1807.0613,1777.6755,1807.0613,1786.0449,1.1767,11842509.75,2.911126,486185078186.28,531337681174.74
700327.TI,20260130,1812.5186,1812.5186,1795.4853,1795.4853,1807.0613,-0.6406,14867523.68,3.654735,482071647586.25,527115763290.84
700327.TI,20260202,1776.2934,1776.2934,1772.4726,1772.4726,1795.4853,-1.2817,13114028.54,3.22369,475926565301.46,520577287773.01
700327.TI,20260203,1777.4869,1800.8871,1777.4869,1800.8871,1772.4726,1.6031,10454206.33,2.569853,483856188169.62,529329170633.73
700327.TI,20260204,1793.01,1814.4046,1793.01,1814.4046,1800.8871,0.7506,10483977.45,2.577171,487511883575.78,533588122431.64
700327.TI,20260205,1808.4806,1840.7225,1808.4806,1840.7225,1814.4046,1.4505,13313725.12,3.27278,495089016715.9,542670423382.32
700327.TI,20260206,1826.3593,1826.3593,1817.6767,1817.6767,1840.7225,-1.252,10370932.89,2.549383,488879165546.64,535517269824.5
700327.TI,20260209,1829.1372,1863.2931,1829.1372,1863.2931,1817.6767,2.5096,10571783.67,2.598756,502130808273.51,549753124294.13
700327.TI,20260210,1860.623,1860.623,1859.3206,1859.3206,1863.2931,-0.2132,11966590.12,2.941627,500059522955.23,547340819240.38
700327.TI,20260211,1851.861,1851.861,1846.389,1846.389,1859.3206,-0.6955,9357996.25,2.300383,497742139895.18,544382523047.78
700327.TI,20260212,1843.9832,1843.9832,1807.5816,1807.5816,1846.389,-2.1018,9277914.56,2.280697,486715751177.29,532389883329.58
700327.TI,20260213,1811.8764,1811.8764,1808.7927,1808.7927,1807.5816,0.067,7553813.5,1.856878,487191789390.42,532882138355.7
700327.TI,20260224,1776.721,1776.721,1736.7087,1736.7087,1808.7927,-3.9852,8937977.78,2.197134,465012032328.66,508984537941.76
700327.TI,20260225,1725.2794,1726.9467,1725.2794,1726.9467,1736.7087,-0.5621,8898244.66,2.187366,461283897553.89,505121484623.52
700327.TI,20260226,1721.8073,1721.8073,1701.5796,1701.5796,1726.9467,-1.4689,8315697.85,2.044165,454191784691.37,497317476956.79
700327.TI,20260227,1701.7804,1728.5173,1701.7804,1728.5173,1701.5796,1.5831,11108679.13,2.730735,461208900975.66,505152338870.8
700327.TI,20260302,1691.7949,1691.7949,1674.9678,1674.9678,1728.5173,-3.098,12183023.84,2.994828,447831027157.9,490313867498.14
700327.TI,20260303,1676.3429,1676.3429,1637.6964,1637.6964,1674.9678,-2.2252,10885966.98,2.675986,438375185107.26,480144604135.27
700327.TI,20260304,1620.6218,1632.0513,1620.6218,1632.0513,1637.6964,-0.3447,8322149.46,2.045749,437443473446.17,478946767894.9
700327.TI,20260305,1651.9378,1651.9378,1640.2687,1640.2687,1632.0513,0.5035,9244137.96,2.272392,438585878507.26,480278277002.93
700327.TI,20260306,1637.2555,1662.8732,1637.2555,1662.8732,1640.2687,1.3781,7685042.26,1.889135,444160256501.38,486444938784.14
700327.TI,20260309,1636.2074,1640.0719,1636.2074,1640.0719,1662.8732,-1.3712,7341592.92,1.804708,438043818284.63,479745509469.79
700327.TI,20260310,1652.6644,1658.9344,1652.6644,1658.9344,1640.0719,1.1501,6144247.39,1.510377,443046410004.74,485459814765.43
700327.TI,20260311,1661.665,1661.665,1645.6198,1645.6198,1658.9344,-0.8026,5706101.09,1.402672,439470900853.84,481591665901.55
700327.TI,20260312,1643.0971,1645.7663,1643.0971,1645.7663,1645.6198,0.0089,6705639.92,1.648378,439420790842.8,481804156417.45
700327.TI,20260313,1638.6549,1642.7743,1638.6549,1642.7743,1645.7663,-0.1818,7942526.16,1.952429,438611096949.75,480934970141.76
700327.TI,20260316,1642.1172,1660.4933,1642.1172,1660.4933,1642.7743,1.0786,6973453.21,1.714212,443941538108.24,486759583615.81
700327.TI,20260317,1660.1529,1660.1529,1654.2249,1654.2249,1660.4933,-0.3775,7071734.13,1.738372,442910563612.56,485806235535.23
700327.TI,20260318,1651.8693,1651.8693,1645.7404,1645.7404,1654.2249,-0.5129,6096970.35,1.498755,440545398272.56,482904680476.04
700327.TI,20260319,1629.2007,1629.2007,1608.2916,1608.2916,1645.7404,-2.2755,5819611.47,1.430575,430450304177.89,472464582705.98
700327.TI,20260320,1614.8711,1614.8711,1593.4294,1593.4294,1608.2916,-0.9241,6404679.09,1.574396,426904801524.05,468731060023.56
700327.TI,20260323,1577.2242,1577.2242,1516.7313,1516.7313,1593.4294,-4.8134,10295632.76,2.530869,406105588082.18,446043687524.11
700327.TI,20260324,1541.3706,1550.1039,1541.3706,1550.1039,1516.7313,2.2003,8095831.07,1.990114,414412188900.25,455108454970.26
700327.TI,20260325,1557.0794,1590.8158,1557.0794,1590.8158,1550.1039,2.6264,7952886.9,1.954975,425160607478.86,466898461845.06
700327.TI,20260326,1586.0306,1586.0306,1571.0785,1571.0785,1590.8158,-1.2407,6793576.11,1.669994,419920642681.54,461472206755.04
700327.TI,20260327,1553.6285,1585.534,1553.6285,1585.534,1571.0785,0.9201,5588784.06,1.373833,423674034293.33,465581946163.23
700327.TI,20260330,1563.6711,1573.0368,1563.6711,1573.0368,1585.534,-0.7882,5990480.35,1.472577,419707812312.96,461311868717.05
700327.TI,20260331,1576.8609,1576.8609,1560.8757,1560.8757,1573.0368,-0.7731,6895632.48,1.695062,416429599229.54,457510569233.42
700327.TI,20260401,1582.0849,1595.3242,1582.0849,1595.3242,1560.8757,2.207,6856577.13,1.685462,426188855883.86,468441521084.13
700327.TI,20260402,1588.919,1588.919,1564.611,1564.611,1595.3242,-1.9252,6150927.04,1.512001,417629946331.59,459192943893.8
700327.TI,20260403,1569.7773,1569.7773,1529.8657,1529.8657,1564.611,-2.2207,5669394.67,1.393633,408605875575.68,449465166986.45
700327.TI,20260407,1532.6271,1537.3054,1532.6271,1537.3054,1529.8657,0.4863,5702948.18,1.401879,409734864237.07,450282188500.28
700327.TI,20260408,1564.5726,1592.5546,1564.5726,1592.5546,1537.3054,3.5939,9503014.83,2.335999,424482406672.66,466587513415.18
700327.TI,20260409,1580.3588,1580.3588,1557.4451,1557.4451,1592.5546,-2.2046,8818321.61,2.16769,414637166548.25,455663682466.09
700327.TI,20260410,1565.7478,1579.5655,1565.7478,1579.5655,1557.4451,1.4203,9336152.94,2.294981,420499909184.65,461987015978.11
700327.TI,20260413,1569.7153,1580.2621,1569.7153,1580.2621,1579.5655,0.0441,6971289.86,1.713659,420504887463.55,462120151297.98
700327.TI,20260414,1591.3682,1591.3682,1584.3471,1584.3471,1580.2621,0.2585,7802980.74,1.918102,421341347238.96,463229430945.47
700327.TI,20260415,1591.8522,1591.8522,1583.7688,1583.7688,1584.3471,-0.0365,12752690.23,3.134823,421316075708.88,463493841386.8
700327.TI,20260416,1581.1477,1605.1196,1581.1477,1605.1196,1583.7688,1.3481,14202750.71,3.491272,426536408200.74,469169056362.59
700327.TI,20260417,1599.285,1599.285,1577.3478,1577.3478,1605.1196,-1.7302,12861713.85,3.1616,418555529814.4,460400388583.44
700327.TI,20260420,1570.5226,1582.9505,1570.5226,1582.9505,1577.3478,0.3552,11543662.1,2.821078,422117556833.02,462246512321.39
700327.TI,20260421,1577.7458,1577.7458,1574.6748,1574.6748,1582.9505,-0.5228,10061521.53,2.458868,419869255630.29,459696296862.07
700327.TI,20260422,1568.6155,1568.6155,1562.2553,1562.2553,1574.6748,-0.7887,9133227.91,2.232008,416197441332.88,455665615113.91
700327.TI,20260423,1560.4587,1560.4587,1555.1111,1555.1111,1562.2553,-0.4573,9148421.89,2.23355,414922874405.87,454108033412.14
700327.TI,20260424,1547.9887,1547.9887,1540.4915,1540.4915,1555.1111,-0.9401,7710000.3,1.881986,410486712803.26,449234443564.66
700327.TI,20260427,1535.8192,1544.4151,1535.8192,1544.4151,1540.4915,0.2547,8192942.55,1.9975,411305838414.27,450024190558.92
700327.TI,20260428,1534.7224,1534.7224,1513.9608,1513.9608,1544.4151,-1.9719,7689758.04,1.87482,403553730611.31,441014911986.34
700327.TI,20260429,1515.7109,1547.7903,1515.7109,1547.7903,1513.9608,2.2345,9909186.54,2.415933,412922567223.35,450928168747.75
700327.TI,20260430,1551.4973,1551.4973,1539.6582,1539.6582,1547.7903,-0.5254,9335774.98,2.276131,410036829359.34,447426161473.8
700327.TI,20260506,1527.2809,1527.2809,1508.6418,1508.6418,1539.6582,-2.0145,10140755.89,2.472391,400858444205.09,437446751342.79
700327.TI,20260507,1508.6539,1508.6539,1508.1696,1508.1696,1508.6418,-0.0313,7678437.71,1.8718,400932943931.34,437395625746.59
700327.TI,20260508,1508.1621,1520.0208,1508.1621,1520.0208,1508.1696,0.7858,9403255.19,2.292265,403520125100.05,440441683191.12
700327.TI,20260511,1518.7683,1518.7683,1515.4744,1515.4744,1520.0208,-0.2991,10219197.83,2.49117,402090588886.25,438837758238.47
700327.TI,20260512,1514.9016,1514.9016,1492.4619,1492.4619,1515.4744,-1.5185,8379274.18,2.042351,396722283925.13,432601383707.07
700327.TI,20260513,1492.3231,1492.3231,1490.9008,1490.9008,1492.4619,-0.1046,7321319.38,1.784487,396278735303.32,431855155047.68
700327.TI,20260514,1492.6198,1492.6198,1462.0847,1462.0847,1490.9008,-1.9328,8476871.54,2.06614,389274891921.75,424299602331.72
700327.TI,20260515,1460.9326,1460.9326,1447.0515,1447.0515,1462.0847,-1.0282,8577903.66,2.090765,384613632697.73,419141157111.29
700327.TI,20260518,1443.8622,1443.8622,1429.3859,1429.3859,1447.0515,-1.2208,7374928.66,1.797554,379828990816.93,413875171185.83
700327.TI,20260519,1428.7641,1432.8436,1428.7641,1432.8436,1429.3859,0.2419,6211396.78,1.513956,380893005100.95,414895401852.59
700327.TI,20260520,1427.1581,1427.1581,1413.2208,1413.2208,1432.8436,-1.3695,6164222.99,1.502458,375819444991.12,409926036766.54
700327.TI,20260521,1414.6595,1414.6595,1388.5912,1388.5912,1413.2208,-1.7428,8757318.81,2.134495,369745616726.79,403226318532.5
700327.TI,20260522,1395.5064,1395.5064,1383.9214,1383.9214,1388.5912,-0.3363,6222113.94,1.516568,367690090650.82,401008581634.75
700327.TI,20260525,1383.2267,1383.2267,1380.1032,1380.1032,1383.9214,-0.2759,6184837.97,1.507483,367059194385.02,400188434150.95
700327.TI,20260526,1374.9996,1383.7205,1374.9996,1383.7205,1380.1032,0.2621,7638188.57,1.86172,367565049795.74,400739759837.44
700327.TI,20260527,1380.5518,1380.5518,1365.1012,1365.1012,1383.7205,-1.3456,7642672.97,1.862813,363345977068.94,396093826062.26
700327.TI,20260528,1359.5166,1359.5166,1349.7889,1349.7889,1365.1012,-1.1217,6506049.32,1.583657,358775082483.66,391160082757.76
700327.TI,20260529,1352.0606,1380.7328,1352.0606,1380.7328,1349.7889,2.2925,9707998.65,2.363052,369581764059.54,402698264621.42
700327.TI,20260601,1358.0349,1392.1377,1358.0349,1392.1377,1380.7328,0.826,10125184.68,2.464601,371953989970.33,405604851861.46
700327.TI,20260602,1390.8959,1390.8959,1367.6444,1367.6444,1392.1377,-1.7594,8461541.39,2.059649,365099273760.53,398311095734.3
700327.TI,20260603,1361.8538,1361.8538,1356.8824,1356.8824,1367.6444,-0.7869,8751108.51,2.130199,362508022749.15,395588887666.09
700327.TI,20260604,1350.5281,1350.5281,1330.1559,1330.1559,1356.8824,-1.9697,8302115.59,2.020905,355067023414.42,387544555569.66
700327.TI,20260605,1336.9357,1344.7331,1336.9357,1344.7331,1330.1559,1.0959,8002522.28,1.947978,359502775098.55,392461489727.35
700327.TI,20260608,1339.3111,1339.3111,1322.1819,1322.1819,1344.7331,-1.677,8741541.92,2.12787,354473347165.13,386821054750.22
700327.TI,20260609,1320.75,1320.75,1316.0007,1316.0007,1322.1819,-0.4675,7155787.99,1.741865,352835520731.3,384921734245.45
700327.TI,20260610,1311.5789,1331.7006,1311.5789,1331.7006,1316.0007,1.193,8646730.54,2.104791,357584842118.35,390076035493.21
700327.TI,20260611,1326.7187,1326.7187,1305.2517,1305.2517,1331.7006,-1.9861,8811130.65,2.14481,350273607946.64,382179308045.62
700327.TI,20260612,1304.06,1327.2491,1304.06,1327.2491,1305.2517,1.6853,9058354.7,2.204678,356851037898.73,389282141615.65
700327.TI,20260615,1331.6383,1335.0002,1331.6383,1335.0002,1327.2491,0.584,7842729.48,1.908811,358930937809.05,391568593274.27
700327.TI,20260616,1333.206,1333.206,1325.8808,1325.8808,1335.0002,-0.6831,7382723.7,1.796852,355721327593.95,388069486484.1
700327.TI,20260617,1323.1097,1323.1097,1296.0511,1296.0511,1325.8808,-2.2498,8362569.73,2.035333,347940320358.27,379537792995.33
700327.TI,20260618,1287.0643,1287.0643,1273.4609,1273.4609,1296.0511,-1.743,7420382.18,1.806018,341933542491.91,373173581927.6
700327.TI,20260622,1264.2334,1279.1635,1264.2334,1279.1635,1273.4609,0.4478,9319441.18,2.268222,344361227951.53,375456283430.83
700327.TI,20260623,1268.4595,1280.2444,1268.4595,1280.2444,1279.1635,0.0845,8142210.14,1.981651,344590018031.55,375680786274.66
700327.TI,20260624,1276.3653,1276.3653,1242.1763,1242.1763,1280.2444,-2.9735,8582662.92,2.088848,334500560091.72,364624364561.97
700327.TI,20260625,1235.6897,1238.2784,1235.6897,1238.2784,1242.1763,-0.3138,7357806.98,1.790743,334218506572.36,364337126741.74
700327.TI,20260626,1232.5241,1232.5241,1206.3519,1206.3519,1238.2784,-2.5783,7771390.56,1.891401,325470401298.87,354813308581.25
700327.TI,20260629,1198.9521,1213.1799,1198.9521,1213.1799,1206.3519,0.566,8002429.28,1.968624,326796522280.53,356273463723.89
700327.TI,20260630,1211.8139,1211.8139,1209.6253,1209.6253,1213.1799,-0.293,8128322.65,1.999561,325677551944.49,354948825993.8
700327.TI,20260701,1207.9016,1244.4286,1207.9016,1244.4286,1209.6253,2.8772,10613771.51,2.61098,334314153402.19,364339241236.44
700327.TI,20260702,1240.658,1240.658,1233.953,1233.953,1244.4286,-0.8418,9638719.27,2.371118,331173910363.67,361014059997.31
700327.TI,20260703,1238.4976,1238.4976,1237.8535,1237.8535,1233.953,0.3161,7693572.57,1.893349,331929672430.57,361725955755.64
700327.TI,20260706,1245.3066,1249.5166,1245.3066,1249.5166,1237.8535,0.9422,6511485.05,1.602443,334324156399.74,364298924081.61
700327.TI,20260707,1239.6579,1239.6579,1212.907,1212.907,1249.5166,-2.9299,12940356.05,3.184556,323967803458.49,352982748488.19
700327.TI,20260708,1221.8692,1221.8692,1213.2721,1213.2721,1212.907,0.0301,11691694.68,2.868082,325591126185.57,354708207465.65
700327.TI,20260709,1201.467,1201.467,1187.7958,1187.7958,1213.2721,-2.0998,10137630.6,2.486856,319323540670.34,347745806382.25
700327.TI,20260710,1182.2559,1213.6114,1182.2559,1213.6114,1187.7958,2.1734,10101690.14,2.478039,326627765077.82,355618254579.7
700327.TI,20260713,1205.8783,1205.8783,1168.4177,1168.4177,1213.6114,-3.7239,7957544.89,1.95206,314927269745.79,342621495511.43
700327.TI,20260714,1169.2777,1180.8754,1169.2777,1180.8754,1168.4177,1.0662,6248225.66,1.532748,317829347153.92,345703121049.05
700327.TI,20260715,1175.5119,1217.7754,1175.5119,1217.7754,1180.8754,3.1248,8137336.58,1.996165,328763663511.85,357502133234.29
700327.TI,20260716,1208.306,1230.5377,1208.306,1230.5377,1217.7754,1.048,7500286.84,1.839891,331961825728.73,361015512197.99
700327.TI,20260717,1224.8022,1224.8022,1191.2466,1191.2466,1230.5377,-3.193,7881679.22,1.93345,321711241309.62,349800810072.0
700327.TI,20260720,1189.9696,1195.4541,1189.9696,1195.4541,1191.2466,0.3532,7664862.24,1.879921,323709381546.87,351942441729.63
700327.TI,20260721,1196.4894,1196.4894,1194.7679,1194.7679,1195.4541,-0.0574,8619231.32,2.113994,323203088404.76,351394850247.94
700327.TI,20260722,1189.2959,1206.7287,1189.2959,1206.7287,1194.7679,1.0011,6427621.04,1.576469,327007156780.39,355606055407.6
700327.TI,20260723,1201.1645,1214.9996,1201.1645,1214.9996,1206.7287,0.6854,6439884.48,1.579477,328583393811.29,357318194852.39
700327.TI,20260724,1205.6891,1205.6891,1173.2619,1173.2619,1214.9996,-3.4352,5880364.47,1.442247,317392756822.8,345056954067.24
700327.TI,20260727,1181.5451,1215.4102,1181.5451,1215.4102,1173.2619,3.5924,8023561.45,1.920856,342403537755.07,373033282017.04
700327.TI,20260728,1208.9868,1236.393,1208.9868,1236.393,1215.4102,1.7264,9324721.29,2.232356,347930505016.34,379037145831.22
700327.TI,20260729,1247.0927,1272.2669,1247.0927,1272.2669,1236.393,2.9015,11710532.21,2.803523,357766068054.33,389501351735.6
700327.TI,20260730,1267.2007,1280.66,1267.2007,1280.66,1272.2669,0.6597,14771023.03,3.536211,360694187307.24,392602232800.4
700327.TI,20260731,1257.6325,1300.8458,1257.6325,1300.8458,1280.66,1.5762,12520861.83,2.997518,365537423277.67,397856406595.49
700327.TI,20260803,1300.6077,1311.116,1300.6077,1311.116,1300.8458,0.7895,10207778.59,2.443761,368201678868.58,400926093577.73
700327.TI,20260804,1310.6781,1310.6781,1304.7361,1304.7361,1311.116,-0.4866,10907637.6,2.611309,365445292805.27,398057558778.73
700327.TI,20260805,1304.1764,1316.694,1304.1764,1316.694,1304.7361,0.9165,15681120.71,3.75409,367252282999.74,400222898736.09
700327.TI,20260806,1313.0481,1313.0481,1305.5969,1305.5969,1316.694,-0.8428,14767793.33,3.535437,364242191633.62,396902799894.19
700327.TI,20260807,1303.8278,1304.4036,1303.8278,1304.4036,1305.5969,-0.0914,10983711.74,2.629521,364129761512.79,396867658864.89
700327.TI,20260810,1301.7048,1327.2033,1301.7048,1327.2033,1304.4036,1.7479,10472729.08,2.507191,370373360202.6,403662312601.17
700327.TI,20260811,1320.8765,1320.8765,1313.1403,1313.1403,1327.2033,-1.0596,8450890.01,2.023159,366713732437.25,399650459704.55
700327.TI,20260812,1310.9828,1324.3558,1310.9828,1324.3558,1313.1403,0.8541,9661267.06,2.312925,369285451473.23,402474207741.74
700327.TI,20260813,1318.6134,1318.6134,1303.374,1303.374,1324.3558,-1.5843,8989301.21,2.152056,363886202508.12,396417731344.25
700327.TI,20260814,1303.361,1303.361,1286.8355,1286.8355,1303.374,-1.2689,7906030.3,1.892718,359204626250.18,391327031659.46
700327.TI,20260817,1285.5191,1287.8045,1285.5191,1287.8045,1286.8355,0.0753,6553816.41,1.568996,359489576654.42,391578842783.4
700327.TI,20260818,1289.601,1290.2423,1289.601,1290.2423,1287.8045,0.1893,6693762.64,1.602499,359765933300.37,391943944797.89
700327.TI,20260819,1285.5329,1285.5329,1261.1396,1261.1396,1290.2423,-2.2556,7453281.29,1.78433,352178568910.84,383703918203.74
700327.TI,20260820,1262.4045,1278.4437,1262.4045,1278.4437,1261.1396,1.3721,7612039.33,1.822336,357053094986.34,389018581004.32
700327.TI,20260821,1274.1929,1274.1929,1266.0121,1266.0121,1278.4437,-0.9724,6436279.77,1.540857,353500854939.91,385003086230.45
700327.TI,20260824,1264.0498,1264.0498,1257.5665,1257.5665,1266.0121,-0.6671,7205569.0,1.724723,351175322094.0,382566776028.43
700327.TI,20260825,1256.7491,1282.8046,1256.7491,1282.8046,1257.5665,2.0069,9481297.68,2.269441,357705226494.82,389711316970.08
700327.TI,20260826,1278.9254,1297.4594,1278.9254,1297.4594,1282.8046,1.1424,11196011.55,2.679875,361363226034.41,393773983735.53
700327.TI,20260827,1295.1369,1307.2578,1295.1369,1307.2578,1297.4594,0.7552,11064335.29,,361731104625.76,393773983735.53
700327.TI,20260828,1307.7062,1317.5289,1307.7062,1317.5289,1307.2565,0.7858,10971032.67,2.616589,366426126268.23,399339507293.62
700327.TI,20260831,1322.122,1322.122,1315.8324,1315.8324,1317.4766,-0.1248,11874249.62,2.83198,364603395631.72,398003242800.87
700327.TI,20260901,1314.9008,1339.0279,1314.9008,1339.0279,1315.8324,1.7628,13473273.6,3.213343,371282856298.27,405197276380.5
700327.TI,20260902,1333.7535,1334.1779,1333.7535,1334.1779,1339.0279,-0.3622,13458566.22,3.209835,369562003802.16,403741067799.72
700327.TI,20260903,1344.0108,1344.0108,1331.8498,1331.8498,1334.1779,-0.1745,14393500.63,3.432815,369788709692.13,403742366942.62
700327.TI,20260904,1335.2087,1352.8264,1335.2087,1352.8264,1331.8498,1.575,17056490.4,4.067932,375236826251.52,409501349758.71
700327.TI,20260907,1349.4146,1372.7197,1349.4146,1372.7197,1352.8264,1.4705,15838663.15,3.777483,380096936056.18,415033923528.52
700327.TI,20260908,1372.334,1384.3508,1372.334,1384.3508,1372.7197,0.8473,18243127.02,4.350942,382606754674.56,417608769031.17
700327.TI,20260909,1378.693,1378.693,1368.9845,1368.9845,1384.3508,-1.11,14781353.36,3.525317,377915534645.65,412414491206.14
700327.TI,20260910,1374.3126,1374.3126,1359.3961,1359.3961,1368.9845,-0.7004,14675124.71,3.499982,374438791665.45,408815744975.11
700327.TI,20260911,1344.9593,1344.9593,1321.1984,1321.1984,1359.3961,-2.8099,16874148.8,4.024444,364059318842.66,397081059078.24
